256
0.000000000000e+00 0.000000000000e+00
6.611502612900e-05 -1.038388814800e-03
2.993634843700e-04 -2.226892858700e-03
7.547293207600e-04 -3.543868428100e-03
1.480145496300e-03 -4.952914081500e-03
2.493694191800e-03 -6.418230477700e-03
3.793374635300e-03 -7.911509834200e-03
5.371635314100e-03 -9.406629018500e-03
7.207617163700e-03 -1.088883820900e-02
9.279049001600e-03 -1.234353520000e-02
1.155617367500e-02 -1.376369502400e-02
1.400862261700e-02 -1.513991691200e-02
1.660222001400e-02 -1.646531373300e-02
1.930077187700e-02 -1.773318275800e-02
2.206681110000e-02 -1.893698982900e-02
2.493972890100e-02 -2.010406181200e-02
2.814727462800e-02 -2.132458798600e-02
3.171246126300e-02 -2.259930409500e-02
3.565979003900e-02 -2.392459288200e-02
4.001470655200e-02 -2.529245056200e-02
4.480112716600e-02 -2.669704891700e-02
5.004055798100e-02 -2.813770808300e-02
5.575379729300e-02 -2.961273863900e-02
6.196182221200e-02 -3.111445345000e-02
6.868334859600e-02 -3.263697400700e-02
7.593423873200e-02 -3.417827189000e-02
8.372838050100e-02 -3.573527932200e-02
9.207741171100e-02 -3.730365634000e-02
1.009904369700e-01 -3.887736052300e-02
1.104734912500e-01 -4.044998437200e-02
1.205292865600e-01 -4.201463609900e-02
1.311573684200e-01 -4.356135428000e-02
1.423534601900e-01 -4.508005455100e-02
1.541083902100e-01 -4.656720161400e-02
1.664087623400e-01 -4.802197590500e-02
1.792379170700e-01 -4.943715035900e-02
1.925769150300e-01 -5.078770592800e-02
2.063997685900e-01 -5.207621306200e-02
2.206766903400e-01 -5.330503359400e-02
2.353767007600e-01 -5.444609001300e-02
2.504624128300e-01 -5.550441891000e-02
2.658939063500e-01 -5.647423490900e-02
2.816295027700e-01 -5.732745304700e-02
2.976235449300e-01 -5.805049091600e-02
3.138279020800e-01 -5.862502008700e-02
3.301924169100e-01 -5.902544409000e-02
3.466646969300e-01 -5.922351777600e-02
3.631903827200e-01 -5.919866263900e-02
3.797349631800e-01 -5.894323065900e-02
3.963214159000e-01 -5.845752731000e-02
4.129263162600e-01 -5.774163827300e-02
4.295262992400e-01 -5.679957196100e-02
4.460984766500e-01 -5.564136058100e-02
4.626210629900e-01 -5.428454279900e-02
4.790730774400e-01 -5.274868011500e-02
4.954347610500e-01 -5.105746910000e-02
5.116879344000e-01 -4.924092441800e-02
5.278143882800e-01 -4.731956869400e-02
5.437965393100e-01 -4.531273618300e-02
5.596185922600e-01 -4.324802756300e-02
5.752639770500e-01 -4.113997519000e-02
5.907164216000e-01 -3.899910301000e-02
6.059619188300e-01 -3.684806078700e-02
6.209865212400e-01 -3.470229730000e-02
6.357758045200e-01 -3.256940469100e-02
6.503161788000e-01 -3.045610152200e-02
6.645953059200e-01 -2.837231941500e-02
6.786025166500e-01 -2.633225545300e-02
6.923274993900e-01 -2.434792369600e-02
7.057604789700e-01 -2.242699824300e-02
7.191160321200e-01 -2.053743414600e-02
7.324334383000e-01 -1.867971196800e-02
7.456732988400e-01 -1.687451079500e-02
7.587952613800e-01 -1.513058692200e-02
7.717595696400e-01 -1.345236692600e-02
7.845286727000e-01 -1.184960454700e-02
7.970668077500e-01 -1.033267378800e-02
8.093402385700e-01 -8.909522555800e-03
8.213163018200e-01 -7.579013705300e-03
8.329654336000e-01 -6.340438965700e-03
8.442611098300e-01 -5.197712685900e-03
8.551806807500e-01 -4.159740172300e-03
8.657037019700e-01 -3.230238333300e-03
8.758118748700e-01 -2.398584969300e-03
8.854910731300e-01 -1.663339557100e-03
8.947306871400e-01 -1.028633094400e-03
9.035224914600e-01 -4.864985239700e-04
9.118616581000e-01 -3.008094427100e-05
9.197465777400e-01 3.401192952900e-04
9.271782636600e-01 6.314946804200e-04
9.341602921500e-01 8.567594923100e-04
9.406988620800e-01 1.024220022400e-03
9.468028545400e-01 1.139358733800e-03
9.524829983700e-01 1.203665859100e-03
9.577519893600e-01 1.221885439000e-03
9.626239538200e-01 1.206014538200e-03
9.671145677600e-01 1.164890592900e-03
9.712405800800e-01 1.101396279400e-03
9.750195741700e-01 1.020206487700e-03
9.784699082400e-01 9.300031233600e-04
9.816102981600e-01 8.365744724900e-04
9.844596386000e-01 7.404227508200e-04
9.870367050200e-01 6.421804428100e-04
9.893602132800e-01 5.451401812000e-04
9.914486408200e-01 4.523457901100e-04
9.933198690400e-01 3.639720671300e-04
9.949911832800e-01 2.790059079400e-04
9.964792728400e-01 1.992479665200e-04
9.989693164800e-01 6.586182280400e-05
1.000000000000e+00 0.000000000000e+00
9.989814758300e-01 2.190001978300e-04
9.977871179600e-01 4.688522021800e-04
9.963957667400e-01 7.607666193500e-04
9.947831630700e-01 1.099686138300e-03
9.929223656700e-01 1.484333304700e-03
9.907864928200e-01 1.919450820400e-03
9.883487820600e-01 2.415043767500e-03
9.855810403800e-01 2.976646646900e-03
9.824539423000e-01 3.605655161700e-03
9.789391756100e-01 4.306684713800e-03
9.750096797900e-01 5.086615681600e-03
9.706383347500e-01 5.945676937700e-03
9.657995104800e-01 6.880956236300e-03
9.604722261400e-01 7.900594733700e-03
9.546385407400e-01 9.011711925300e-03
9.482814073600e-01 1.020583603500e-02
9.413894414900e-01 1.148094143700e-02
9.339578747700e-01 1.284407265500e-02
9.259847998600e-01 1.428774185500e-02
9.174742102600e-01 1.580356061500e-02
9.084378480900e-01 1.739261671900e-02
8.988922834400e-01 1.904587447600e-02
8.888603448900e-01 2.075331844400e-02
8.783730864500e-01 2.251461148300e-02
8.674649596200e-01 2.431247383400e-02
8.561767935800e-01 2.613092586400e-02
8.445583581900e-01 2.797595597800e-02
8.326609730700e-01 2.983257733300e-02
8.205391764600e-01 3.167908266200e-02
8.082529902500e-01 3.350640833400e-02
7.958647012700e-01 3.530535846900e-02
7.834379673000e-01 3.706490993500e-02
7.710366845100e-01 3.877200558800e-02
7.587250471100e-01 4.041925817700e-02
7.465661764100e-01 4.200345277800e-02
7.346200346900e-01 4.351458326000e-02
7.229430079500e-01 4.494302719800e-02
7.115884423300e-01 4.628559202000e-02
7.006047368000e-01 4.754166677600e-02
6.900352835700e-01 4.871260374800e-02
6.799172759100e-01 4.979971796300e-02
6.702817082400e-01 5.080295726700e-02
6.611529588700e-01 5.172307789300e-02
6.525491476100e-01 5.256157741000e-02
6.444821357700e-01 5.332091450700e-02
6.369576454200e-01 5.400491133300e-02
6.299756169300e-01 5.461911112100e-02
6.235307455100e-01 5.516913905700e-02
6.176125407200e-01 5.566029995700e-02
6.122062206300e-01 5.609707906800e-02
6.072930097600e-01 5.648365616800e-02
6.028510928200e-01 5.682427063600e-02
5.988560318900e-01 5.712313950100e-02
5.952816009500e-01 5.738434195500e-02
5.920999646200e-01 5.761178210400e-02
5.892827510800e-01 5.780912935700e-02
5.868010520900e-01 5.797977000500e-02
5.846262574200e-01 5.812680721300e-02
5.827302932700e-01 5.825306102600e-02
5.810860395400e-01 5.836108699400e-02
5.796673297900e-01 5.845318362100e-02
5.784496665000e-01 5.853140354200e-02
5.774099826800e-01 5.859759077400e-02
5.763773322100e-01 5.866276472800e-02
5.751984119400e-01 5.873649194800e-02
5.738571286200e-01 5.881948024000e-02
5.723364949200e-01 5.891241505700e-02
5.706184506400e-01 5.901594460000e-02
5.686840415000e-01 5.913065746400e-02
5.665135979700e-01 5.925705283900e-02
5.640867948500e-01 5.939551070300e-02
5.613826513300e-01 5.954626575100e-02
5.583799481400e-01 5.970936641100e-02
5.550572276100e-01 5.988466367100e-02
5.513932108900e-01 6.007175520100e-02
5.473666787100e-01 6.026997417200e-02
5.429571867000e-01 6.047829240600e-02
5.381450057000e-01 6.069520115900e-02
5.329115390800e-01 6.091875210400e-02
5.272396206900e-01 6.114651635300e-02
5.211138129200e-01 6.137556582700e-02
5.145206451400e-01 6.160242110500e-02
5.074491500900e-01 6.182304024700e-02
4.998909235000e-01 6.203283742100e-02
4.918404817600e-01 6.222681328700e-02
4.832955598800e-01 6.240008026400e-02
4.742573201700e-01 6.254771351800e-02
4.647305309800e-01 6.266506761300e-02
4.547237753900e-01 6.274864822600e-02
4.442494511600e-01 6.279549747700e-02
4.333238303700e-01 6.280022859600e-02
4.219671487800e-01 6.275526434200e-02
4.102035164800e-01 6.265486776800e-02
3.980608582500e-01 6.249653920500e-02
3.855705857300e-01 6.227803975300e-02
3.727675378300e-01 6.199659407100e-02
3.596896529200e-01 6.164655834400e-02
3.463779091800e-01 6.121907755700e-02
3.328754007800e-01 6.071297451900e-02
3.192271292200e-01 6.013165786900e-02
3.054799139500e-01 5.946955084800e-02
2.916816473000e-01 5.872482061400e-02
2.778800129900e-01 5.790856853100e-02
2.641235888000e-01 5.701801553400e-02
2.504611015300e-01 5.604344233900e-02
2.369392365200e-01 5.499257519800e-02
2.236033827100e-01 5.387214198700e-02
2.104974687100e-01 5.268378928300e-02
1.976628750600e-01 5.143249407400e-02
1.851382851600e-01 5.012420192400e-02
1.729594618100e-01 4.876413196300e-02
1.611591279500e-01 4.735550656900e-02
1.497665494700e-01 4.590180143700e-02
1.388070434300e-01 4.440866783300e-02
1.283009797300e-01 4.288939386600e-02
1.182651072700e-01 4.135456681300e-02
1.087144389700e-01 3.980035334800e-02
9.965835511700e-02 3.823452070400e-02
9.110093116800e-02 3.667278215300e-02
8.304484933600e-02 3.511750698100e-02
7.548928260800e-02 3.357125818700e-02
6.842873990500e-02 3.204349055900e-02
6.185514852400e-02 3.054064698500e-02
5.575840547700e-02 2.906568534700e-02
5.012545362100e-02 2.762338519100e-02
4.494065046300e-02 2.621958218500e-02
4.018722847100e-02 2.485696598900e-02
3.584702312900e-02 2.353740297300e-02
3.190081566600e-02 2.226202189900e-02
2.832833491300e-02 2.103213034600e-02
2.510806359400e-02 1.985050737900e-02
2.221785113200e-02 1.871999353200e-02
1.943117007600e-02 1.755605451800e-02
1.671019196500e-02 1.632909663000e-02
1.409493573000e-02 1.503992732600e-02
1.162268128200e-02 1.369353197500e-02
9.326589293800e-03 1.229912694500e-02
7.236869540100e-03 1.086667832000e-02
5.386240314700e-03 9.399608708900e-03
3.799191676100e-03 7.911423221200e-03
2.495295833800e-03 6.420061923600e-03
1.480412669500e-03 4.954436328300e-03
7.549206493400e-04 3.544613253300e-03
2.995682007200e-04 2.227141289000e-03
6.622137152600e-05 1.038408139700e-03
0.000000000000e+00 0.000000000000e+00